中国建设银行,01050001,--,ATM/POS,2,2,37,,,,2,19,2,2,06,627020,2,借记卡,A
平安银行,03180000,平安小微结算卡,ATM/POS,2,2,37,,,,2,19,2,2,08,62329900,2,借记卡,A
北京中关村银行,03550000,--,ATM/POS,2,2,37,,,,2,19,2,2,08,62364310,2,借记卡,A
天津西青中银富登村镇银行,15191136,--,ATM/POS,2,2,30,,,,2,19,2,2,09,621356094,2,借记卡,A
大冶中银富登村镇银行,15195221,--,ATM/POS,2,2,30,,,,2,19,2,2,09,621356086,2,借记卡,A
宜城中银富登村镇银行,15195282,--,ATM/POS,2,2,30,,,,2,19,2,2,09,621356087,2,借记卡,A
辉县珠江村镇银行,15404988,--,ATM/POS,2,2,37,3,2,102,2,18,2,2,08,62325401,2,借记卡,A
四川铁东德丰村镇银行,15492436,--,ATM/POS,2,2,37,,,,2,19,2,2,09,621675002,2,借记卡,A
南昌大丰村镇银行,15494210,金丰卡,ATM/POS,2,2,37,3,2,104,2,19,2,2,09,621675001,2,借记卡,A
广昌南银村镇银行,15494382,--,ATM/POS,2,2,37,,,,2,19,2,2,09,621675003,2,借记卡,A
扬中恒丰村镇银行,16503143,--,ATM/POS,2,2,34,,,,2,16,2,2,08,62312405,2,借记卡,A
浙江桐庐恒丰村镇银行,16503311,--,ATM/POS,2,2,34,,,,2,16,2,2,08,62312401,2,借记卡,A
广安恒丰村镇银行,16506695,--,ATM/POS,2,2,34,,,,2,16,2,2,08,62312406,2,借记卡,A
延吉和润村镇银行,16692491,和卡,ATM/POS,2,2,37,3,2,104,2,19,2,2,08,62365211,2,借记卡,A
汪清和润村镇银行,16692497,和卡,ATM/POS,2,2,37,3,2,104,2,19,2,2,08,62365210,2,借记卡,A
穆棱远东村镇银行,17082753,远东卡,ATM/POS,2,2,36,3,2,103,2,18,2,2,08,62360530,2,借记卡,A
广东省农村信用社联合社,14505800,信通卡(银联卡),ATM/POS,2,2,30,3,2,96,2,19,2,2,06,622859,2,借记卡,U
