id  超级网银号       状态 银行类别   银行名称
1	320110000028	1	320	天津津南村镇银行股份有限公司
2	320203000109	1	320	乌兰察布市集宁包商村镇银行有限责任公司
3	320205700011	1	320	乌审旗包商村镇银行有限责任公司
4	320555600014	1	320	武冈包商村镇银行有限责任公司
5	320201700012	1	320	西乌珠穆沁包商惠丰村镇银行有限责任公司
6	320701000011	1	320	息烽包商黔隆村镇银行有限责任公司
7	320651012005	1	320	新都桂城村镇银行有限责任公司
8	501290000012	1	501	汇丰银行(中国)有限公司上海分行
9	320241017017	1	320	榆树融兴村镇银行
10	320669509516	1	320	武隆融兴村镇银行有限责任公司
11	320653056012	1	320	重庆市大渡口融兴村镇银行有限责任公司
12	320554706519	1	320	耒阳融兴村镇银行有限责任公司
13	320584001000	1	320	深圳宝安融兴村镇银行有限责任公司
14	320537303517	1	320	洪湖融兴村镇银行有限责任公司
15	320265205014	1	320	拜泉融兴村镇银行有限责任公司
16	320100023015	1	320	北京怀柔融兴村镇银行有限责任公司
17	320662047017	1	320	遂宁安居融兴村镇银行有限责任公司
18	320535204511	1	320	应城融兴村镇银行有限责任公司
19	320552105518	1	320	株洲县融兴村镇银行有限责任公司
20	320421007514	1	320	安义融兴村镇银行有限责任公司
21	320261020018	1	320	巴彦融兴村镇银行有限责任公司
22	320641008517	1	320	海南保亭融兴村镇银行有限责任公司
23	320272338019	1	320	桦川融兴村镇银行有限责任公司
24	320824275019	1	320	会宁会师村镇银行有限责任公司
25	320422100011	1	320	乐平融兴村镇银行有限责任公司
26	320493302510	1	320	新安融兴村镇银行有限责任公司
27	320261052015	1	320	延寿融兴村镇银行有限责任公司
28	320493107012	1	320	偃师融兴村镇银行有限责任公司
29	320306303012	1	320	江苏如东融兴村镇银行有限责任公司
30	320653000153	1	320	重庆市沙坪坝融兴村镇银行有限责任公司
31	320687400019	1	320	重庆市酉阳融兴村镇银行有限责任公司
32	320332000015	1	320	宁波市海曙国民村镇银行有限责任公司
33	323333000013	1	323	温州民商银行股份有限公司
34	402871099996	1	402	宁夏黄河农村商业银行股份有限公司
35	102100099996	1	102	中国工商银行
36	103100000026	1	103	中国农业银行股份有限公司
37	105100000017	1	105	中国建设银行股份有限公司总行
38	301290000007	1	301	交通银行
39	302100011000	1	302	中信银行股份有限公司
40	303100000006	1	303	中国光大银行
41	304100040000	1	304	华夏银行股份有限公司总行
42	305100000013	1	305	中国民生银行
43	308584000013	1	308	招商银行股份有限公司
44	309391000011	1	309	兴业银行总行
45	313100000013	1	313	北京银行
46	313110000017	1	313	天津银行股份有限公司
47	313581003284	1	313	广州银行
48	313602088017	1	313	东莞银行股份有限公司
49	314581000011	1	314	广州农村商业银行股份有限公司
50	314588000016	1	314	佛山顺德农村商业银行股份有限公司
51	318110000014	1	318	渤海银行股份有限公司
52	403100000004	1	403	中国邮政储蓄银行有限责任公司
53	595100000007	1	595	新韩银行（中国）有限公司
54	597100000014	1	597	韩亚银行（中国）有限公司
55	310290000013	1	310	上海浦东发展银行
56	314305670002	1	314	张家港农村商业银行
57	314305206650	1	314	昆山农村商业银行
58	313331000014	1	313	杭州银行股份有限公司
59	316331000018	1	316	浙商银行
60	313338707013	1	313	浙江稠州商业银行
61	313345010019	1	313	浙江泰隆商业银行
62	313333007331	1	313	温州银行股份有限公司
63	313332082914	1	313	宁波银行股份有限公司
64	313336071575	1	313	湖州银行股份有限公司
65	313227000012	1	313	锦州银行
66	313222080002	1	313	大连银行
67	313223007007	1	313	鞍山市商业银行
68	313227600018	1	313	葫芦岛银行股份有限公司
69	313452060150	1	313	青岛银行
70	313453001017	1	313	齐商银行
71	313456000108	1	313	烟台银行股份有限公司
72	313461000012	1	313	济宁银行股份有限公司
73	313473070018	1	313	临商银行股份有限公司
74	313465000010	1	313	威海市商业银行
75	313473200011	1	313	日照银行股份有限公司
76	313463400019	1	313	莱商银行
77	402361018886	1	402	安徽省农村信用联社资金清算中心
78	313551088886	1	313	长沙银行股份有限公司
79	313433076801	1	313	上饶银行
80	313611001018	1	313	广西北部湾银行
81	313393080005	1	313	厦门银行股份有限公司
82	402641000014	1	402	海南省农村信用社联合社资金清算中心
83	402521000032	1	402	湖北省农村信用社联合社结算中心
84	313882000012	1	313	昆仑银行股份有限公司
85	313228000276	1	313	营口银行股份有限公司资金清算中心
86	313131000016	1	313	邢台银行股份有限公司
87	313229000008	1	313	阜新银行结算中心
88	313656000019	1	313	攀枝花市商业银行
89	314653000011	1	314	重庆农村商业银行股份有限公司
90	313121006888	1	313	河北银行股份有限公司
91	313127000013	1	313	邯郸市商业银行股份有限公司
92	313141052422	1	313	承德银行股份有限公司
93	313143005157	1	313	沧州银行
94	313659000016	1	313	绵阳市商业银行
95	313521000011	1	313	汉口银行资金清算中心
96	313731010015	1	313	富滇银行股份有限公司运营管理部
97	402731057238	1	402	云南省农村信用社联合社
98	313821001016	1	313	兰州银行股份有限公司
99	313871000007	1	313	宁夏银行总行清算中心
100	313851000018	1	313	青海银行股份有限公司营业部
101	313261099913	1	313	龙江银行股份有限公司
102	313261000018	1	313	哈尔滨银行结算中心
103	313491000232	1	313	郑州银行
104	313701098010	1	313	贵阳市商业银行
105	313161000017	1	313	晋商银行股份有限公司
106	313191000011	1	313	内蒙古银行
107	313192000013	1	313	包商银行股份有限公司
108	313205057830	1	313	鄂尔多斯银行股份有限公司
109	313241066661	1	313	吉林银行
110	402611099974	1	402	广西壮族自治区农村信用社联合社
111	313614000012	1	313	柳州银行股份有限公司清算中心
112	596110000013	1	596	企业银行（中国）有限公司
113	313345001665	1	313	台州银行股份有限公司
114	313345400010	1	313	浙江民泰商业银行
115	313337009004	1	313	绍兴银行股份有限公司营业部
116	315456000105	1	315	恒丰银行
117	313468000015	1	313	德州银行股份有限公司
118	313458000013	1	313	潍坊银行
119	314305506621	1	314	江苏常熟农村商业银行股份有限公司清算中心
120	313301099999	1	313	江苏银行股份有限公司
121	313301008887	1	313	南京银行股份有限公司
122	314305400015	1	314	吴江农村商业银行清算中心
123	313428076517	1	313	赣州银行股份有限公司
124	319361000013	1	319	徽商银行股份有限公司
125	402391000068	1	402	福建省农村信用社联合社
126	313391080007	1	313	福建海峡银行股份有限公司
127	313305066661	1	313	苏州银行股份有限公司
128	306581000003	1	306	广发银行股份有限公司
129	104100000004	1	104	中国银行总行
130	320345790018	1	320	浙江三门银座村镇银行股份有限公司
131	313451000019	1	313	齐鲁银行
132	313586000006	1	313	广东华兴银行股份有限公司
133	313424076706	1	313	九江银行股份有限公司
134	313617000018	1	313	桂林银行股份有限公司
135	320343800019	1	320	浙江景宁银座村镇银行股份有限公司
136	325290000012	1	325	上海银行股份有限公司
137	313168000003	1	313	晋城银行
138	313651099999	1	313	成都银行
139	502290000006	1	502	东亚银行（中国）有限公司
140	314302200018	1	314	江苏江阴农村商业银行股份有限公司
141	402421099990	1	402	江西省农村信用社联合社
142	313791000015	1	313	西安银行股份有限公司
143	402451000010	1	402	山东省农村信用社联合社
144	307584007998	1	307	平安银行（原深圳发展银行）
145	313455000018	1	313	东营银行股份有限公司
146	313495081900	1	313	平顶山银行股份有限公司
147	317110010019	1	314	天津农村商业银行股份有限公司
148	320100010011	1	320	北京顺义银座村镇银行股份有限公司
149	320428090311	1	320	江西赣州银座村镇银行股份有限公司
150	320584002002	1	320	深圳福田银座村镇银行股份有限公司
151	320653000104	1	320	重庆渝北银座村镇银行股份有限公司
152	320687000016	1	320	重庆黔江银座村镇银行股份有限公司
153	323584000888	1	323	深圳前海微众银行股份有限公司
154	322290000011	1	322	上海农村商业银行
155	313335081005	1	313	嘉兴银行股份有限公司清算中心(不对外办理业务）
156	402584009991	1	314	深圳农村商业银行股份有限公司
157	313521006000	1	313	湖北银行股份有限公司
158	402651020006	1	402	四川省农村信用社联合社
159	313491099996	1	313	中原银行股份有限公司
160	402100000018	1	314	北京农村商业银行股份有限公司
161	313454000016	1	313	枣庄银行股份有限公司
162	314641000014	1	314	海口联合农村商业银行股份有限公司
163	313148053964	1	313	衡水银行股份有限公司
164	402521090019	1	314	武汉农村商业银行股份有限公司
165	313591001001	1	313	广东南粤银行股份有限公司
166	402241000015	1	402	吉林省农村信用社联合社（不办理转汇业务）
167	313332090019	1	313	宁波通商银行股份有限公司
168	593100000020	1	593	友利银行(中国)有限公司
169	313791030003	1	313	长安银行股份有限公司
170	313585000990	1	313	珠海华润银行股份有限公司清算中心
171	402331000007	1	402	浙江省农村信用社联合社
172	313312300018	1	313	江苏长江商业银行
173	314305106644	1	314	太仓农村商业银行
174	320455000019	1	320	东营莱商村镇银行股份有限公司
175	313492070005	1	313	中原银行股份有限公司开封分行
176	313175000011	1	313	晋中银行
177	313397075189	1	313	泉州银行股份有限公司
178	313551070008	1	313	华融湘江银行股份有限公司
179	313736000019	1	313	曲靖市商业银行
180	402791000010	1	402	陕西省农村信用社联合社资金清算中心
181	313193057846	1	313	乌海银行股份有限公司
182	320626400049	1	320	平果国民村镇银行有限责任公司
183	402701002999	1	402	贵州省农村信用社联合社
184	314304099999	1	314	江苏江南农村商业银行股份有限公司(不对外)
185	321667090019	1	321	重庆三峡银行股份有限公司
186	320902800016	1	320	石河子国民村镇银行有限责任公司
187	313501080608	1	313	焦作中旅银行股份有限公司
188	717110000010	1	717	中德住房储蓄银行
189	320884000025	1	320	哈密红星国民村镇银行有限责任公司
190	313463000993	1	313	泰安银行股份有限公司
191	313741095715	1	313	云南红塔银行股份有限公司
192	320881000011	1	320	新疆绿洲国民村镇银行有限责任公司
193	320898000010	1	320	伊犁国民村镇银行有限责任公司
194	320898100019	1	320	奎屯国民村镇银行有限责任公司
195	531290088881	1	531	花旗银行(中国)有限公司
196	320633100011	1	320	东兴国民村镇银行有限责任公司
197	313872097457	1	313	石嘴山银行股份有限公司
198	323290000016	1	323	上海华瑞银行
199	313641099995	1	313	海南银行股份有限公司
200	402491000026	1	402	河南省农村信用社联合社资金清算中心(不转汇)
201	313658000014	1	313	长城华西银行股份有限公司
202	313662000015	1	313	遂宁银行
203	320884400011	1	320	北屯国民村镇银行有限责任公司
204	320885800018	1	320	五家渠国民村镇银行有限责任公司
205	320887000014	1	320	博乐国民村镇银行有限责任公司
206	402301099998	1	402	江苏省农村信用社联合社
207	313226009000	1	313	丹东银行清算中心
208	313673093259	1	313	四川天府银行股份有限公司
209	313134000011	1	313	保定银行股份有限公司
210	313881000002	1	313	乌鲁木齐银行清算中心
211	313821050016	1	313	甘肃银行股份有限公司
212	313655091983	1	313	自贡银行股份有限公司
213	314302066666	1	314	无锡农村商业银行股份有限公司（不对外）
214	313228060009	1	313	营口沿海银行股份有限公司
215	313665092924	1	313	乐山市商业银行
216	313657092617	1	313	泸州市商业银行
217	323653010015	1	323	重庆富民银行股份有限公司
218	313146000019	1	313	廊坊银行股份有限公司
219	320653000137	1	320	重庆九龙坡民泰村镇银行股份有限公司
220	320687500011	1	320	重庆彭水民泰村镇银行股份有限公司
221	320343900011	1	320	浙江龙泉民泰村镇银行股份有限公司
222	402191009992	1	402	内蒙古自治区农村信用社联合社
223	313124000018	1	313	唐山银行股份有限公司
224	320198000017	1	320	兴安盟科尔沁包商村镇银行有限公司
225	320205300017	1	320	准格尔旗包商村镇银行有限责任公司
226	320191003012	1	320	内蒙古和林格尔包商村镇银行有限责任公司
227	320204500017	1	320	达尔罕茂明安联合旗包商村镇银行股份有限公司
228	320194001004	1	320	赤峰市红山玉龙村镇银行有限责任公司
229	320194002007	1	320	赤峰市元宝山玉龙村镇银行有限责任公司
230	320194700008	1	320	喀喇沁玉龙村镇银行有限责任公司
231	320197105004	1	320	鄂温克包商村镇银行有限责任公司
232	320335400016	1	320	浙江桐乡民泰村镇银行股份有限公司
233	320100018169	1	320	北京昌平包商村镇银行股份有限公司
234	320709000026	1	320	毕节发展村镇银行有限责任公司
235	320222000014	1	320	大连金州联丰村镇银行股份有限公司
236	320192200018	1	320	固阳包商村镇银行股份有限公司
237	320661300010	1	320	广元市包商贵民村镇银行有限责任公司
238	320701000038	1	320	贵阳花溪建设村镇银行有限责任公司
239	320532000013	1	320	湖北荆门掇刀包商村镇银行股份有限公司
240	320196601004	1	320	莫力达瓦包商村镇银行有限责任公司
241	320203600016	1	320	化德包商村镇银行有限责任公司
242	314651000000	1	314	成都农商银行
243	313338009688	1	313	金华银行股份有限公司
244	313701099012	1	313	贵州银行股份有限公司
245	787290000019	1	787	富邦华一银行有限公司
246	402581090008	1	402	广东省农村信用社联合社
247	781393010011	1	781	厦门国际银行股份有限公司
248	313421087506	1	313	江西银行股份有限公司
249	402602000018	1	314	东莞农村商业银行股份有限公司
250	313138000019	1	313	张家口银行股份有限公司
251	313221030008	1	313	盛京银行清算中心
252	314110000011	1	314	天津滨海农村商业银行股份有限公司
253	323331000001	1	323	浙江网商银行股份有限公司
254	320631100016	1	320	广西钦州市钦南国民村镇银行有限责任公司
255	320611000067	1	320	广西上林国民村镇银行有限责任公司
256	320633000027	1	320	防城港防城国民村镇银行有限责任公司
257	320631500019	1	320	广西浦北国民村镇银行有限责任公司
258	320623000015	1	320	广西银海国民村镇银行有限责任公司
259	320882000013	1	320	克拉玛依金龙国民村镇银行有限责任公司
260	320885099990	1	320	昌吉国民村镇银行有限责任公司
261	320623100016	1	320	合浦国民村镇银行有限责任公司
262	313671000017	1	313	宜宾市商业银行
263	313231000013	1	313	辽阳银行
264	402221010013	1	402	辽宁省农村信用社联合社运营管理部
265	402332010004	1	402	宁波鄞州农村商业银行股份有限公司(鄞州银行)
266	320332100016	1	320	象山国民村镇银行股份有限公司
267	313234001089	1	313	朝阳银行股份有限公司
268	313493080539	1	313	洛阳银行股份有限公司
269	323651066666	1	323	四川新网银行股份有限公司
270	320306200013	1	320	江苏南通如皋包商村镇银行股份有限公司
271	320312900017	1	320	江苏仪征包商村镇银行有限责任公司
272	320241000010	1	320	九台龙嘉村镇银行股份有限公司
273	320475918197	1	320	鄄城包商村镇银行有限责任公司
274	320504000014	1	320	漯河市郾城包商村镇银行有限责任公司
275	320194800017	1	320	宁城包商村镇银行有限责任公司
276	320871000018	1	320	宁夏贺兰回商村镇银行有限责任公司
277	320161006008	1	320	清徐惠民村镇银行有限责任公司
